M = 1000 replicaciones   theta = 0.25   logit(alpha) = 0.0 + 1.5 x

verdad           n  media rQ   var rQ  asim rQ  curt rQ  rechazo SW  rechazo AD
-------------------------------------------------------------------------------
Vasicek         30    0.0000   1.0345  -0.0169  -0.0103      0.049       0.005
Vasicek         50   -0.0000   1.0204   0.0151   0.0111      0.049       0.003
Vasicek        100    0.0000   1.0101  -0.0054  -0.0165      0.058       0.007
Vasicek        200   -0.0000   1.0050   0.0009  -0.0080      0.049       0.002

beta            30    0.0003   1.0343   0.1082   0.0917      0.058       0.008
beta            50    0.0001   1.0203   0.1350   0.1251      0.091       0.009
beta           100    0.0001   1.0100   0.1311   0.1081      0.071       0.003
beta           200    0.0001   1.0050   0.1385   0.1231      0.116       0.007

Kumaraswamy     30   -0.0003   1.0346   0.0415   0.1102      0.051       0.002
Kumaraswamy     50   -0.0002   1.0205   0.0273   0.1668      0.058       0.004
Kumaraswamy    100   -0.0001   1.0102   0.0278   0.1796      0.072       0.003
Kumaraswamy    200   -0.0001   1.0051   0.0385   0.2049      0.085       0.005

simplex         30   -0.0003   1.0346  -0.1345  -0.2361      0.044       0.001
simplex         50   -0.0001   1.0205  -0.1196  -0.3101      0.053       0.004
simplex        100   -0.0001   1.0102  -0.1391  -0.2957      0.084       0.010
simplex        200   -0.0001   1.0051  -0.1340  -0.3393      0.152       0.024

